900
131
528
443
701
649
735
227
740
1000
264
167
620
884
973
175
876
493
728
841
602
401
985
676
263
207
191
184
104
731
392
991
191
416
673
742
468
839
561
572
504
899
812
527
956
381
641
55
952
905
271
42
636
268
616
366
727
75
296
763
711
2
939
31
893
839
431
399
794
589
491
334
786
438
532
276
62
429
843
113
810
376
724
707
935
188
167
835
421
657
528
298
273
274
32
5
940
639
600
348
109
19
316
159
307
174
775
93
941
810
819
39
585
950
688
775
163
158
915
186
559
958
603
474
331
505
438
7
574
335
957
499
577
940
714
40
577
449
902
142
918
470
268
290
698
286
381
169
867
393
723
186
910
189
43
596
451
746
721
755
994
699
590
383
480
113
832
773
380
266
391
377
917
149
430
408
301
872
763
727
111
778
920
434
586
150
881
746
263
153
354
111
862
546
193
885
977
227
387
895
415
807
122
181
450
60
550
627
890
415
681
549
326
368
325
382
344
81
699
653
591
109
686
662
286
172
639
159
73
784
77
861
281
110
103
583
905
831
869
258
613
213
577
84
516
722
969
791
369
680
358
212
253
365
171
939
861
601
358
47
886
767
692
602
36
837
796
115
255
328
633
19
699
729
265
868
565
303
717
409
395
622
906
899
24
989
393
886
852
603
839
499
309
655
51
763
424
443
793
200
113
371
628
112
597
312
62
19
24
928
192
884
361
904
449
225
33
344
739
569
741
21
518
526
596
444
13
540
714
98
388
696
501
82
646
304
367
603
673
136
350
273
442
229
719
733
638
173
32
245
833
518
252
214
976
310
135
218
835
569
491
963
814
865
578
118
633
431
149
990
911
662
284
793
9
327
876
714
114
644
692
781
789
879
145
358
553
907
205
206
465
854
677
151
889
762
300
173
403
606
225
634
327
850
841
660
949
135
214
2
795
861
433
779
374
410
354
89
537
60
906
615
471
823
39
890
412
690
111
463
5
644
366
856
841
676
642
382
579
494
132
145
509
316
679
690
880
82
958
373
259
232
594
348
117
921
140
197
990
927
620
569
383
174
793
764
538
598
445
632
352
453
434
401
184
262
158
688
889
42
120
546
191
988
879
232
65
482
500
734
607
253
620
66
689
966
843
391
919
179
94
743
884
84
60
603
290
191
880
470
434
620
480
544
211
525
678
949
519
605
927
432
715
80
181
182
582
995
679
241
236
776
144
49
807
779
535
733
878
817
450
589
515
283
744
857
319
912
726
965
890
511
47
340
82
593
955
247
974
251
599
254
474
291
629
889
445
552
476
338
391
510
526
335
760
586
119
965
135
941
901
449
528
226
531
627
416
563
243
732
565
925
6
582
465
810
961
118
546
894
631
147
50
570
452
186
315
826
873
261
183
596
757
915
896
733
774
152
768
195
81
259
404
140
641
976
680
437
465
411
939
983
200
750
785
894
325
8
40
70
653
203
490
30
64
63
907
150
70
59
890
924
978
378
17
375
745
401
656
614
646
7
570
200
515
494
617
87
968
237
508
496
771
722
836
714
118
484
950
501
561
742
475
453
508
848
170
773
997
495
343
161
235
993
100
636
681
108
739
415
587
594
284
748
697
568
197
333
9
524
436
482
483
867
781
619
84
49
817
179
840
282
267
516
765
8
545
972
640
152
473
827
84
365
322
61
560
146
706
940
831
537
135
300
444
229
272
652
709
576
417
251
805
138
543
749
815
721
708
431
936
545
289
118
789
41
775
152
248
722
343
678
421
641
772
834
857
140
582
907
863
74
795
653
915
726
272
296
493
15
91
487
181
19
103
834
787
966
773
69
638
598
660
223
896
620
66
976
139
712
547
949
661
991
777
5
635
68
83
992
542
108
691
18
325
756
951
256
671
861
150
122
126
732
209
610
460
443
717
684
335
629
313
888
386
482
407
359
375
302
847
596
341
177
582
134
89
725
827
570
141
622
537
357
260
945
548
351
509
324
175
183
525
489
676
40
680
591
80
700
435
429
409
44
822
912
427
605
770
566
551
422
951
52
737
644
253
876
931
772
590
343
372
183
510
871
162
558
612
1
782
25
500
685
486
837
539
969
668
727
185
584
189
408
110
542
909
620
24
343
525
96
170
663
817
75
210
888
392
860
302
871
840
999
504
965
496
630
592
869
735
389
113
749
70
82
409
748
338
975
770
87
364
417
385
205
304
886
116
374
290
800
985
774
549
639
567
431
260
111
182
734
959
5
438
955
377
868
665
75
120
40
807
754
622
439
113
154
150
589