2558
7974
5239
3399
4219
7843
1611
7551
2196
6593
4427
541
3147
3945
7262
2096
5930
4532
2896
4599
826
1642
7963
2243
5681
5742
3481
2987
9755
9795
3467
8274
2107
4657
3605
7246
5803
4164
1706
4732
1301
973
6555
3889
1530
8671
8751
1706
81
3802
9741
5255
3061
744
7616
1830
1447
4328
5153
6551
9061
6734
6791
4298
5446
2677
8949
885
3797
3766
527
8556
3826
1364
9403
9054
3894
4513
3982
2265
6196
9
9944
6884
9641
7704
1001
1547
7866
4428
9150
5286
9886
4011
2877
938
8802
4497
1076
5076
7555
1960
8714
6678
5504
6277
5073
281
411
6912
7259
7535
9706
2807
8452
8087
7828
498
9414
4154
2666
5007
4347
6782
8390
1733
8292
413
566
9615
6008
3977
9394
9710
3590
7741
1990
3726
1047
1643
9971
7379
9503
2635
2132
6715
212
7229
2971
2679
5584
8671
5222
2739
6866
6995
4470
9485
9406
5160
1935
8080
5937
12
6434
3283
5427
4219
5321
9036
3804
9565
9435
3256
8680
6597
2365
4280
6257
9926
1757
2646
5521
7468
8963
5491
4281
5527
1680
835
511
5910
4487
1787
40
3225
3115
270
2670
8795
2589
3237
7
8302
5231
38
7302
2086
9873
4439
8220
6106
7120
4530
8016
1873
9467
3460
4539
9923
9177
2461
7785
1317
3208
3288
3116
6350
5324
1138
8048
2157
4498
4866
5533
4756
4357
3293
9918
6065
6523
6518
7723
8325
46
8545
2376
8880
6029
1161
3061
2610
1867
8721
789
8591
5703
5064
7880
5990
9068
3829
3651
1755
1573
3402
6137
5151
6779
646
6419
6634
520
7758
4652
2841
971
4151
1369
7498
2799
974
7636
8568
3949
6759
8353
4529
1225
82
7214
5503
798
2670
1045
8537
6440
2738
3885
6691
4625
2746
9002
1809
2419
4484
8157
4444
3328
4261
2215
6795
6290
4408
5394
9731
9357
9059
7984
6117
3565
9441
9072
7426
5541
7454
9797
5682
3070
5260
9081
9627
2390
8870
3264
2374
1
1400
3865
9074
1428
9466
4530
566
3905
7785
8701
8283
6965
2937
4011
9308
9604
2245
2746
2155
7459
9100
8364
2741
5988
8527
6251
3059
7324
2259
482
9493
3220
2669
5958
817
4338
512
6126
2066
9672
1945
1541
3213
543
5156
7575
8144
4601
1703
6078
2816
1044
7485
7713
6617
6671
9789
51
4502
8757
4835
8454
8669
4892
3522
714
4432
3879
119
2833
1819
1003
8615
8125
5676
6271
3824
6443
3695
3343
9626
4226
5264
2506
5479
7077
7096
9589
9223
5009
2357
4042
1741
4172
7741
1230
4979
8964
4823
4336
6390
5309
7983
2454
7803
7481
3619
1566
7234
3408
3340
5299
6761
26
9433
675
6369
8811
3961
9059
1953
3605
5775
1824
1636
2254
9550
9516
39
4605
5580
643
8046
4496
656
383
7954
9336
2752
4523
771
4743
2668
6697
106
8116
4343
2372
624
5334
3122
7297
6254
2116
3337
7746
9904
6962
9057
2864
1489
68
7004
7534
2984
149
42
487
5737
810
8421
5013
9308
4151
5162
7260
3968
6885
9934
6255
438
1367
7498
9679
2803
6932
4195
8988
8973
6380
4083
3942
2156
3720
3431
4266
7860
6047
658
3436
8741
3213
1227
3275
8410
8683
2743
7770
5038
2009
2897
9526
2201
9969
6007
8163
1486
8799
6217
254
1758
5076
2517
9025
8486
7105
5077
1982
7114
2684
3841
6798
4665
4011
1644
919
3703
4669
1976
818
9543
9026
2308
7166
39
3700
9468
9249
8614
1710
1715
3970
277
7671
7634
4515
6565
2380
8701
6240
9390
3841
3920
8679
7633
3363
8761
3732
4980
5037
696
488
2154
7361
4785
8916
1008
4113
8826
65
1142
1892
2649
4110
5264
8016
9128
9119
5180
7029
9264
8001
4517
1264
9616
6822
5943
8292
74
2696
6909
3939
335
2378
9833
3945
1483
7025
8271
105
2345
2181
9231
5693
7263
1043
2784
9866
7921
256
7077
4378
9873
6651
5334
4162
4460
8862
7146
494
4420
9549
4850
2834
6258
8140
1502
1226
2517
7670
8027
7442
2447
1445
733
8787
1232
1316
5302
6277
8944
4274
4381
841
4022
3700
3261
3688
9498
4398
3451
1790
5890
671
4133
4075
2537
1260
6424
6846
7796
8428
1646
3704
4888
4498
9372
8274
2772
6186
5446
2655
8891
8481
8538
8506
4913
1287
5680
3704
3256
3309
8555
6683
9979
4872
1788
917
3106
9429
1968
2447
6631
5196
5586
3331
8352
6414
831
8549
2349
4716
7407
949
6378
1120
6737
9036
8712
1534
743
104
8262
2907
8253
1708
9793
957
1628
1518
9967
5905
3864
336
781
156
5257
1885
632
4359
7352
9788
7279
6097
4901
8199
1716
8668
1229
9992
2857
6416
4707
5525
1172
8316
5377
604
8108
4875
245
6805
7124
7393
698
5223
1841
2190
1675
5543
7026
2526
3351
4504
2202
9697
4223
1036
5620
2420
562
1714
4178
6930
9501
1574
5926
97
3159
9463
5602
4924
5220
2625
2975
3380
5579
6727
1040
5679
187
3795
4745
4990
524
8120
5659
2020
5218
9316
5167
45
1124
7056
1298
9035
898
5807
2325
6874
4852
3565
9520
3896
8500
3105
8459
5188
3580
6998
3790
8496
8341
7818
1961
2391
3640
8032
6833
3388
183
2138
5051
4913
3008
3957
2774
5886
6468
114
3896
5527
8495
3264
340
9976
7287
8566
7919
9869
4400
5461
1321
1967
6249
7989
7258
9231
4461
7778
4908
8819
3198
6844
9812
9805
9984
594
5015
4090
8222
7788
8241
8185
1623
8813
8286
4773
1897
6878
3647
6950
1910
865
1476
8226
6286
1183
5873
6602
2054
6443
5795
5855
5265
1287
11
9431
7601
815
2643
1332
5440
3284
2568
8152
4491
628
4544
4214
2519
5302
3554
6246
2951
8822
2426
9265
2408
5964
4258
7417
7857
4476
5189
5225
902
3730
1747
125
4987
592
5525
1989
7910
5595
5087
1066
7173
1753
2209
7802
2529
4529
4883
9161
6422
574
2858
2474
4177
9668
7770
3370
3558
1366
1623
4214
1986
2720
1600
6854
3152
1391
5978
9794
4259
989
798
5458
3080
2597
7092
4103
9532
8028
1888
4053
2500
5848
467
8208
426
4093
6936
5698
6488
4180
6975
2175
3626
9944
316
7743
8293
3252
7932
2771
9741
1558
7420
9048
437
4921
8826
8873
3177
5573
3146
361
1246
4409
5459
3590
7208
3083
2263
95
8113
1337
3960
9556
1202
1677
6595
9357
442
5603
3532
5934
8483
8332
8128
8110
8316
1936
6257
6597
4446
2541
4198
8991
6803
8386
9496
5049
4679
2518
7216
7830
8306
442
8631
3340
6415
8575
4744
1137
6546
6854
1656
9032
3984
6538
5029
3262
9922
7047
8261
6864
9752
6585
3805
1951
3222
6786
362
6130
1934
34
5317
2720
7562
2731
4049
8636
4390
2284
7662
2408
8862
2055
6345
9293
244
7824
1331
4914
1439
5177
5982
9280
3646
288
5618
5232
5532
858
1217
7427
7745
6645
3043
9600
5787
3357
3768
3970
8053
7727
6202
9061
206
424
7155
39
895
8693
5083
2033
3201
8752
6413
7209
4267
8176
8586
1063
6953
8024
1374
510
7503
7969
2130
1399
1220
198
4120
145
197
3055
2141
8902
2916
7296
4863
8088
6518
6894
2228
1969
4319
4382
3756
6642
4152
9892
1549
8590
8676
2307
950
6790
6826
3351
2687
7181
2774
6927
4309
7554
1910
5418
5757
4695
8356
238
3168
6755
1011
1621
6104
9339
888
9641
3582
4257
310
8691
8138
7029
7197
8547
5255
9950
5080
9206
4424
2494
1804
5584
9742
8671
7413
9610
6360
7846
6483
6895
8108
6186
3732
5302
5086
3832
2255
6082
6747
8131
5685
9067
2318
998
1498
3497
3607
1204
8681
7478
4722
6549
6030
2372
8431
4820
6121
6609
9351
4157
8254
6562
5161
7203
9925
1260
8560
276
6810
3286
5454
8783
6913
8063
6489
938
2273
6226
5864
9747
4496
205
333
2103
6938
6969
1444
1927
4951
6550
6179
3137
5014
154
2067
5631
1607
9678
4647
8584
2997
9251
9885
6506
4592
4780
3747
7660
699
8294
1294
3121
5371
9719
637
7029
7042
8682
6819
5332
1577
9262
9727
1759
5598
5139
8173
6022
8330
7550
1645
8843
4073
6257
9843
4817
9067
1396
8906
1547
9943
6795
2560
4364
1921
1788
2281
2012
1710
1546
6794
6703
4696
4590
9608
3685
5314
5805
9158
957
3572
6719
8231
1761
8803
2955
1918
8239
3142
6224
2947
9201
5109
2620
6961
6755
8897
2655
3977
4580
4622
5004
8132
3224
1647
9043
4310
1621
5325
4316
3601
6316
1981
3392
7599
9877
9233
3770
2328
4749
8369
5586
1461
680
5534
4623
7858
1673
644
201
6004
2249
7155
54
9153
4519
1043
8720
9615
7909
2286
717
84
4014
5275
1185
9334
8621
2397
8026
4420
3095
1987
6595
926
3148
2202
461
6943
8945
5076
3983
87
5821
698
6038
6590
5250
3452
3007
966
9114
1231
3733
4484
2451
7501
2613
1042
5229
6331
7351
4481
4180
7635
9213
8198
456
8558
70
9
8370
411
7744
4876
7590
1329
3518
2485
9648
8974
9795
5765
9145
6470
3904
8000
4407
105
7522
1485
7060
5212
747
7030
9572
3513
2716
5015
4184
3411
7722
1269
1506
877
5658
4736
2188
7422
9902
6888
7384
4842
76
1360
714
1628
5421
7098
2310
981
9020
412
4509
7479
8134
5961
3573
160
5818
9261
3937
4784
393
5591
2508
9425
4062
7091
4763
8912
3559
139
9959
3888
4850
7728
1364
4056
357
4099
474
6751
8198
8358
129
1959
2627
214
8215
14
123
3557
9392
9957
8379
1268
4146
1434
6312
4896
1035
6753
1116
7589
787
8507
9040
4188
6268
1424
9861
7481
3655
85
1385
9896
4230
762
7897
9921
8792
3545
7336
9876
9774
2500
1651
6862
5555
6660
4986
7743
4506
165
7938
1412
9464
2634
2695
3692
7752
3450
8523
163
9192
9168
1314
5929
7857
3923
437
9694
8943
5764
1714
411
3295
1680
3830
7805
1079
1906
3146
4049
3525
8027
1772
399
5524
930
1051
1106
6833
7052
2303
9887
5389
4904
3921
7034
7628
6956
2504
2362
7347
8082
2505
5220
3456
2282
3026
6318
3934
8354
8058
8319
3505
2621
6581
4144
148
6801
4003
8708
7862
8937
2791
3695
9727
9245
9165
9776
537
6851
3169
873
6882
4490
8046
8645
5731
4206
3724
3064
8337
6365
4591
4718
2405
8252
9853
8762
3050
6025
8124
7333
8379
6608
9603
5334
9935
3686
9691
9348
6849
9233
5841
9154
2618
4359
6909
8310
6578
9095
80
2080
1532
4543
6024
609
5303
4346
7621
6306
5329
7367
3763
6564
7627
9070
4518
4646
4679
7706
3750
769
1185
33
6277
1804
6588
3094
6526
9830
6850
6024
7896
4427
7934
5396
3634
7013
5977
4502
2921
6844
6449
1756
9587
6258
9752
2805
4325
1494
8134
3477
4039
2538
5105
6613
3544
1662
1147
410
1466
42
3431
1005
3496
4587
1384
7928
4251
4418
7112
4624
7702
3829
7634
7114
7596
2057
2301
3636
4505
4805
4882
2265
2686
6275
5783
5748
9475
3129
5863
7543
2839
2192
5756
4622
2611
9155
2915
7922
5711
9704
4996
4562
266
17
9209
7646
9102
4692
8542
1848
1422
7245
9928
7213
4299
5826
3886
4447
7935
5868
1305
2925
3333
4241
2619
4613
6581
1418
601
3828
7695
8113
6203
2127
1046
5810
9633
2881
6933
8973
3832
9017
3398
3377
9857
108
2794
3113
6
4250
4583
2342
8392
5906
2036
5878
2342
4123
3461
8248
4464
6319
1101
4772
2576
7130
1808
5708
3107
6063
1297
8870
8359
2652
9933
4518
6263
5333
1615
7883
2258
2251
39
5216
667
808
9893
4274
7317
1483
3949
6882
1411
1232
7521
9530
2129
6025
5102
5533
5435
4211
7641
3380
3281
9296
7137
2493
8402
7255
116
8916
5340
3012
6161
7302
6298
137
1934
4584
6359
5640
3534
6331
7964
5417
2986
9520
801
6038
3622
5643
6019
8627
3865
3774
6434
5023
3986
5857
3141
7687
7861
5590
3764
3568
9079
9550
2979
3537
6827
6054
9986
6902
4722
2458
8026
5637
4140
4221
3441
347
9907
7160
1587
5684
9828
401
5814
8301
6051
3433
1833
226
5457
7222
3597
2848
4399
1326
8136
3279
2183
5546
3049
4602
6717
3300
7734
3528
8594
8786
8398
7281
3011
7462
7196
1859
8437
3343
4398
8767
8552
4595
2251
9140
4555
5037
2605
8165
6023
3828
4261
6487
9796
1580
5246
9524
5293
496
4371
2535
2237
258
9152
8324
5110
7665
4733
427
5609
6333
6358
9312
8220
3635
9179
6188
6629
8846
3232
6148
368
4478
9205
7017
3745
1420
3896
7943
3058
1429
4572
396
1157
3949
8540
6005
8150
3922
6759
3115
1004
6255
7887
1402
8130
8860
8635
1285
4218
894
8361
4526
4846
1965
1702
7214
110
796
2160
6109
8008
2890
4310
4015
6806
3863
2964
8397
2924
376
9918
9894
6998
239
298
6588
22
5982
6137
5631
2650
1972
8162
5996
6535
9949
2148
9991
2873
9999
3451
801
6256
7404
4216
7561
2703
1176
7202
1631
8766
1872
7562
7416
2890
6190
2529
8947
6926
354
3257
178
4609
3375
8878
5682
8469
1406
9040
2516
7110
1564
8750
7252
6266
2847
2193
9434
5960
5572
759
13
4983
3566
6720
5587
6293
3993
9893
6433
5274
1603
812
226
1518
8625
8634
7877
3245
6682
4039
5002
4615
1758
2457
8120
9148
6090
231
3998
7144
3180
4289
4996
8171
4630
3349
7543
7291
9955
6180
8070
5659
6121
5606
7397
4469
6582
1945
1212
1820
5112
4574
8646
2946
607
5308
591
4815
7336
8895
9075
454
3496
8575
9139
7021
1316
8191
8398
5142
4184
3727
7368
9923
7654
3427
106
9721
1656
7547
3767
8438
6173
2106
6586
4242
2061
3042
3587
9663
5601
4856
7819
7279
9458
1168
3727
5337
9811
7243
9397
190
2793
4926
8691
1055
2051
2347
6229
2286
9142
5372
6322
8036
6560
6236
7842
8461
3300
2856
6184
8831
8220
3240
5032
2917
9090
1124
3522
2780
1606
1985
1438
9392
6756
1977
2430
686
8612
7488
5034
6671
1541
6968
2843
4168
2686
4701
2619
1764
4138
1799
5516
1086
4635
532
2998
1229
592
7671
7133
511
3886
4289
8494
1313
5334
5432
8999
1235
8123
6245
1154
1903
4777
1246
5047
7629
9688
9431
9134
8192
8113
3821
7527
2224
201
9267
6320
4242
4524
3008
5329
3998
1137
5702
5578
3845
7469
3582
7953
8031
6256
4717
7548
2482
1712
1598
7502
8358
4740
5462
6233
2536
6991
6283
7351
2199
9727
7631
3010
1925
7284
899
7751
4308
5777
1570
4555
7699
8593
8228
9609
9196
6908
9264
1717
3057
6425
1489
9199
4503
5956
448
4299
1058
2191
2378
1854
6348
5020
4463
7203
8118
1866
9517
9779
507
9166
3312
301
1485
9004
4933
6150
816
3617
8551
294
6544
7464
5625
8786
7898
6915
6486
9422
9598
1888
7689
6417
4533
8872
9106
1565
1216
6602
8480
6255
3025
9202
9747
6769
2805
2312
9791
8767
6150
320
7640
6717
4924
7871
1641
9875
9706
8525
5916
5819
8605
3278
8285
9777
4884
501
6109
4817
2677
9430
9108
8839
4706
3061
7667
299
9392
8499
5815
6506
4380
3881
5416
3106
6600
412
5380
3728
5170
6888
8872
1735
4473
416
7193
2032
3005
2393
8870
8862
3034
5819
7272
4625
602
1550
9478
2645
3318
6659
4810
1873
455
3071
1213
1587
3552
1707
2594
9240
4299
6219
7315
3428
4688
9285
1919
9134
4642
1532
4231
3558
2080
7970
8085
7798
2526
3534
2076
7567
4916
7547
6047
8257
5133
6653
6389
443
6649
6878
7498
7157
1617
638
614
7218
1727
7668
4655
2494
180
7775
1766
6161
7043
117
1879
5695
1689
1622
636
7214
7350
9598
9142
2123
6497
4812
7659
2674
5586
5359
9383
4457
8523
896
8912
2143
8058
9293
3034
8091
3724
3302
5181
3242
4037
8551
8458
7412
3816
9104
1419
1122
2105
8332
2551
5977
6290
8222
2610
4493
9139
2545
8364
3415
5966
3074
9942
5794
6078
125
2029
2250
6932
5548
2537
4393
3413
4525
1978
7414
2838
6856
4697
1053
8957
7488
9771
6807
1027
6499
1352
6229
4580
5667
7668
5240
6399
2523
8690
8936
3239
2957
502
4979
3579
6273
790
4645
6191
61
4790
6849
7943
8579
3760
616
1512
499
4602
8967
9437
7319
2230
9549
4102
7594
1797
8563
9212
3778
6563
8362
5813
3762
564
6348
1194
897
7476
1295
4261
7683
211
9783
5731
4569
7761
5363
8307
8105
1917
1666
678
3183
3546
5991
1559
2527
6910
5007
3288
5886
2431
6360
3655
1915
1804
9729
6901
2331
1057
4695
4825
4086
8775
8421
6395
2094
9592
7615
717
5229
2976
4031
3605
5387
4471
671
3561
1543
8543
1274
6978
9071
2662
5595
6948
6911
5867
17
3258
2108
837
2001
8721
9419
9751
8467
7862
7667
1426
8064
4037
990
7180
8550
8130
2753
4161
7019
3030
2106
9113
3995
1034
7248
1283
3161
8085
309
637
3679
4479
7176
9023
6707
7165
8773
1549
2085
6509
9075
7128
392
1042
4345
8295
8095
55
7176
3885
2343
5929
9777
3062
5852
2855
8264
5412
1709
6542
2278
5722
9823
8914
1774
5726
5054
4599
2831
808
247
4457
1698
1114
4546
2341
4496
3338
3723
6453
3335
1820
7956
6927
9553
9631
8012
1715
6343
926
8947
172
701
4234
4804
3605
8417
9349
6497
3798
3842
6637
5127
5153
2880
6667
9668
2801
4619
5992
5395
3091
8658
6954
9710
8702
4047
3680
9185
5266
60
8055
907
8553
4930
2675
1124
2290
9279
8091
7349
7004
2972
3313
7984
6735
1548
1401
6274
2638
4963
9058
4201
5934
4394
3234
8094
4868
560
9825
2699
562
167
2223
4658
7550
1027
6643
4077
1229
1928
108
4921
1681
9399
7754
8375
8578
3024
5826
2220
6933
9215
9772
1928
4449
4844
8728
7660
8760
9269
448
807
5734
8806
597
3135
6976
5290
3597
1465
5260
3691
2768
5682
508
9861
4316
6914
1659
2443
1648
7117
4844
8193
9262
8194
8186
4995
4194
8742
6795
5076
4122
9445
3292
5132
8529
9324
5065
9837
3624
2480
8729
8516
7811
1887
1952
9654
7929
2668
7310
3270
2248
936
3828
8777
3287
2521
3992
8692
9775
2775
1813
9371
8233
3764
6896
1726
2709
1883
2459
7748
5878
7749
91
7814
8386
6173
3155
4832
7346
244
8450
9848
3281
1257
6306
9111
9861
1361
8123
8796
9907
7404
2835
2321
6185
2564
6593
5210
8782
4887
7448
549
2236
9462
3476
2119
693
6945
4466
4167
9607
1027
5242
8220
3199
130
8960
5483
5949
2385
5803
2500
2738
1353
2732
9301
7100
8202
5342
3371
6458
3950
4888
1528
6977
4659
9956
1974
9602
2248
6974
1313
8232
308
5035
5875
9258
632
7870
1295
1709
6545
614
7532
7756
29
5090
3496
2913
1003
5884
4601
3140
2130
1409
2419
9685
9915
2849
3553
7106
3328
9582
773
2576
6433
6968
5131
7255
5340
865
3307
1956
315
1763
3838
2513
4633
462
9601
6829
4284
3260
9513
339
126
603
555
1073
8560
435
3720
1333
5902
417
1775
1269
612
6949
1124
3652
9337
9633
3189
9603
6807
589
2992
4418
2357
1617
7833
7899
6874
314
6605
5399
2552
711
9855
5273
7290
4710
7687
426
4247
6315
5462
4579
1694
4157
2846
7808
3735
5001
1795
5329
8036
1513
6083
2752
1622
3539
1512
7819
1744
8415
3268
9218
3736
639
6325
6818
4815
6685
7104
4677
2648
259
308
9131
5212
8763
8163
5008
6812
6653
2724
2731
5245
454
2704
655
1970
8016
9657
4020
2207
2812
9826
6510
7227
5493
6000
8919
8145
7200
5608
3158
8430
1839
576
9692
9399
1107
962
9678
4066
9665
7729
9220
2024
4619
9106
7413
995
1791
2209
5396
8049
1392
3066
3890
8859
52
2183
9152
6211
6272
585
3991
5464
4756
9301
7422
9556
3698
2487
409
4885
3588
805
3748
1896
6740
1354
2677
7443
4491
8694
6676
7327
4757
2560
516
652
6103
5455
9235
7399
3891
4118
6671
6710
5392
6875
9613
8573
6447
9598
1823
5812
6616
5247
2984
5505
8183
1379
3402
854
5509
3343
8844
5512
8932
9912
3095
9647
5004
4901
5542
6041
4265
1950
6084
8987
1633
9728
8734
4882
567
2105
5156
9474
4349
9233
248
837
8941
3448
1069
3180
2929
3507
7500
3545
1271
3158
9317
6144
1089
2230
6628
803
730
4696
906
5919
5381
930
3851
5616
7425
7109
8967
2188
8369
3181
4509
9462
8969
9907
7493
2563
4084
1396
4045
9643
3387
1243
430
8279
7104
8475
3701
9738
3530
2714
3361
2779
5359
8552
4345
9774
7170
1667
3055
5465
4638
8093
2432
3787
6936
4664
5006
6229
9156
8383
4058
4673
6803
3439
4563
4189
2654
8896
1270
8523
8968
2685
5452
9675
4936
2650
8311
2369
3150
6974
7443
1026
4926
2402
4048
1356
2226
2472
1325
6053
2198
7389
8196
8092
6169
4169
5774
8673
1609
5688
7813
3614
5666
4850
4395
4269
4076
8461
7248
8960
6651
60
8339
8050
5220
6405
7542
1705
8856
6172
3628
8809
6525
4271
9124
5238
9828
61
4356
8615
6789
1559
7561
452
3586
4651
392
5196
2457
8333
8531
7171
5130
2863
4925
1026
4919
8525
2544
9682
5614
3383
9976
167
2605
4555
7650
8225
6506
8883
4584
304
4189
3942
6900
4440
5744
7
4870
6734
679
2664
2373
9700
431
3751
5301
6610
5837
9589
3571
9390
8899
6446
2350
1879
5206
2210
1223
7705
6655
9925
294
7442
9007
1273
9601
2049
4836
1993
4830
7220
729
9600
3887
2979
915
9901
1481
3953
4789
7524
5
6011
5363
9552
5071
1390
2995
439
7208
8380
1538
9352
1433
723
8425
4339
2723
8453
5779
5389
3475
9474
5803
1860
7495
2837
2392
8482
6040
1525
470
95
5611
8372
9904
1526
1844
6141
7526
3321
9974
5256
5405
1453
1974
6854
5706
8944
4036
3008
8203
3483
2059
5594
1917
7871
3529
4883
1935
1493
3246
6037
8753
7473
8846
5689
8668
1748
5241
5840
7961
4157
9216
8343
3975
6375
1318
2310
2617
613
6227
6113
2251
5984
6202
9722
7672
3608
4628
3252
4508
4355
7438
9946
5940
1125
8836
9986
1883
106
8989
3047
2156
370
3573
8860
8555
5972
9929
7881
3873
709
7175
40
8110
9976
9849
2650
9924
442
9132
369
6690
4170
3598
5388
8464
1805
4932
1516
3668
6693
5128
5401
3765
3282
1821
2527
5702
8312
4233
6302
2766
755
4312
6829
1577
2560
4262
8474
2209
2349
4064
406
8244
4939
185
191
1539
4821
3674
1324
5358
3819
2209
9374
3125
7837
1700
5120
4856
8693
4527
2461
1608
6085
6013
9236
6405
5758
9171
6925
9808
3338
781
988
8500
2592
2564
1268
2853
181
1866
493
9655
6753
9835
1747
2767
7073
705
7303
8231
9112
6070
5739
7958
3835
3163
766
6481
2918
980
2928
6356
387
540
8254
4494
1570
1510
64
6937
4499
9936
9131
8111
8683
1613
9599
9080
4966
940
5959
7439
4319
4305
4018
5595
3889
2477
3553
736
2247
5955
7910
6389
6682
6313
2715
7588
5922
6981
5885
1926
4991
2411
1676
3285
3884
3851
5588
6846
8611
3608
7501
3730
274
9056
7996
1031
8563
5366
4843
9991
7143
8316
7118
5160
7419
4607
5150
9228
4961
5815
7065
6361
4110
2888
1587
5916
2652
4364
3326
4185
2367
4474
8548
7665
4658
6307
1250
2441
7192
9216
9624
1714
9508
4988
7351
9161
4936
2200
2427
5256
5148
3641
2329
8306
966
2590
2841
3152
8931
9811
9807
3834
542
2436
1926
1862
1577
7765
5673
1041
511
2321
7129
2616
4737
6663
7280
4657
6872
9348
107
7527
2804
6691
434
1808
532
3300
3690
9189
2505
860
1697
4544
7144
433
2990
4486
758
510
5291
7751
3827
2090
7199
2461
9702
7518
6343
2064
4901
9641
9769
8052
4122
6465
5794
8183
233
6259
3471
1271
4172
5826
1756
2624
9583
8153
348
3113
7066
2845
1996
336
7617
9
6108
3904
5389
2957
9084
568
7136
9354
7045
5872
6443
476
9956
949
8794
4226
9799
2130
3951
618
3430
9692
5139
2939
41
3275
9469
5395
8837
4667
1419
3972
379
5305
263
5027
5955
604
2488
3233
9128
3619
3659
3422
1865
9280
9133
2802
9709
206
6116
5957
1592
7878
8753
6053
7626
6885
416
1876
5598
6592
5137
1813
6426
2909
9689
2782
5610
1061
6066
2248
7061
5895
4786
3208
4265
8434
8817
9584
4557
9976
8753
6801
5613
8462
6868
4434
7453
7545
8550
9202
5120
4421
6051
6728
360
6490
5414
8458
7194
912
7323
3247
2076
2648
6271
9934
3863
1943
4703
96
382
9861
4445
6517
8906
8074
5720
615
9822
4380
5828
21
9618
5306
8998
4992
2483
5809
3711
6957
6111
2628
6618
5454
3649
7348
9098
8808
9960
9116
8698
7640
5841
6144
7038
2775
802
838
9028
3304
1754
9363
4277
7154
7825
846
1356
7428
1075
7730
1831
4792
6982
7677
4997
8682
2140
6184
9886
887
42
5273
2988
2574
428
6637
1328
288
2815
8358
857
9932
6225
7888
2282
8239
1080
162
3971
1219
5177
3485
9934
9420
1433
9728
4727
299
9752
9203
5554
9419
8755
1650
1968
1479
9698
2950
9035
4153
6981
5066
3237
901
8814
136
1449
8520
5460
6284
1437
8710
8694
8041
5537
7149
6852
8703
1432
2754
1546
5044
6680
6362
3710
2299
171
6410
2553
4263
2721
7945
7961
9289
1484
3888
3779
7459
2509
3315
4112
8061
2277
97
6617
7272
3835
9346
2840
8304
3422
8561
467
7565
4747
9706
3015
4199
1898
764
4050
4717
3915
6894
6182
2309
3855
2214
3513
225
754
3477
129
1308
3128
9626
1855
6
1419
4201
5325
4152
625
758
8776
8642
7679
3938
4851
2442
7845
6091
1505
2251
5682
5
1688
6950
1187
2840
5226
8433
9235
6533
8556
335
9665
1501
6759
4580
1957
8934
9429
3227
1022
4385
3226
2663
1589
3390
1342
9246
3277
7811
2021
4482
3665
6176
1078
6267
6198
8759
9243
7742
1326
9388
1763
6831
7352
1512
5264
9043
9244
1386
5808
6860
5700
368
5458
1884
9665
7724
7689
9413
4858
7865
5148
5592
6436
538
6866
3189
7360
3717
590
7016
7257
2631
7807
1933
5769
7187
4599
5900
8385
6968
2626
4824
6735
5320
4682
7687
2218
3238
3656
1171
1042
7195
9825
8302
4888
9466
1625
7261
9119
3482
9466
5911
7429
733
4250
7020
8792
1367
5483
2824
9
1840
9445
7721
1339
9450
4256
8894
1951
6562
1456
9922
1894
4613
8485
8830
3502
5370
5380
6401
1737
6629
2077
9702
6626
5913
7947
4862
7738
6324
3164
5820
268
9371
2489
1544
5
6662
7458
290
1710
6654
4363
1380
8793
6876
8637
7718
9474
3153
2097
5067
8320
469
7324
8346
5359
2133
5810
9772
7746
4397
7083
7311
6984
6865
2299
93
4449
6600
5332
6720
3808
3259
6529
3733
6090
1224
934
800
6321
8476
3777
8346
9641
9017
7218
713
4395
9918
5036
1497
1045
3124
4914
1881
6192
3304
1968
7708
8819
4340
4543
2572
9120
2390
6517
8697
1972
5424
7301
9488
8833
5603
8546
8015
3494
2125
8946
4532
6767
255
2559
1374
4700
444
3353
1948
3834
8308
3665
4262
2346
6420
7694
9716
4532
38
78
8290
1250
6926
7722
5663
7658
4886
6152
8870
4930
5270
7279
1101
8948
9384
5653
2750
3361
9007
204
5961
9692
9361
2926
8509
6140
9153
4510
1545
5890
4335
4027
9116
8122
5943
956
8422
1050
2947
7793
6224
902
2287
6210
222
788
7552
9670
1865
3615
4792
856
9706
6396
4710
1819
5282
5469
8956
6436
8384
7540
8895
2626
3237
207
563
9738
2959
615
7489
3119
1788
6795
9107
867
7392
6629
8872
2740
2129
9257
204
712
5992
1670
4437
2353
6009
6557
2227
4444
8836
8036
8934
1644
912
9803
4790
6081
9992
4909
1190
6033
9433
104
2291
637
7347
7685
6215
3057
96
214
5975
6236
4692
5576
3095
7365
6427
1761
3260
3121
5833
4074
837
9970
1911
1270
4623
2841
1708
7115
3205
677
4433
5349
9867
5021
882
4349
7300
7981
559
287
3407
7749
974
5684
3615
9771
5916
2962
4641
3988
1194
2504
5677
7069
5331
7102
4472
7908
7892
6238
4249
8952
9950
9362
1657
6030
3712
1879
6339
3018
615
4591
4438
4452
6693
1987
555
9914
8593
9200
8945
991
4249
392
946
7376
8100
3853
3338
7604
3634
624
927
4743
8958
4330
5388
6549
3184
1756
2374
1965
5799
7019
3767
6836
4668
5768
5654
6334
828
663
979
6183
4020
8999
124
1941
3267
4868
2162
2406
7774
1409
1363
6247
8190
4836
3214
5445
3621
213
7418
4982
7434
5348
9814
9378
16
4399
1613
7119
8112
9416
1351
5130
2440
2149
6248
3232
3077
1545
9234
3235
9683
8274
8827
6153
565
8610
1112
9486
3377
8029
2106
5263
9715
585
4599
8568
7988
9169
4520
1306
3937
70
309
2109
8881
957
6978
539
2906
2096
1519
1559
161
772
8920
5756
9589
1190
9488
7837
1470
9184
9919
6812
1454
7588
4857
1001
4061
4926
6690
4901
5732
8569
3219
5070
5842
2424
5642
8150
6680
293
2252
2818
2933
4741
6660
8765
7311
6203
5985
4210
3252
8813
1581
6724
2873
3578
4144
6288
9831
3160
6570
8568
9953
5230
1068
3387
5446
9858
2305
4207
8018
9595
575
3413
1525
4525
8990
2884
3320
7039
2542
7728
7181
9537
9381
9008
4144
5785
2481
7612
6490
8954
1980
7469
8517
4499
6440
5771
5405
3509
2950
1887
4028
3947
7420
8425
4454
1572
9854
5830
3796
1771
5530
7682
3004
1411
2775
9915
8370
1345
6824
903
9940
4032
8418
8581
1172
5974
614
2796
4972
8036
7650
4503
7104
9210
660
9224
8839
1322
5196
915
5968
9974
9074
1477
3003
4575
5595
1693
1023
7978
7762
6051
6657
9054
3386
627
1940
9312
7255
6630
4407
5887
5409
3483
9895
637
3733
4400
7250
7962
4542
7970
715
3028
2090
9811
3285
7416
979
9067
4525
8406
4514
4275
6696
9007
4830
8926
6671
592
4884
1722
4765
883
2253
7111
2759
8537
4263
2369
1016
9500
4024
3414
7108
9919
5054
6621
8634
3704
9068
8269
9551
1961
5097
5965
4203
8213
2459
377
8804
3271
4470
1142
7947
6404
5233
353
1005
9345
1957
7547
142
281
2749
335
2806
7507
2728
8155
9908
6698
7714
6359
3871
1670
1985
8045
7898
7530
950
7921
7876
4692
844
895
2352
1485
5489
3338
7362
2409
5384
7204
8825
445
1488
6600
7371
8994
1868
1781
3242
7289
8575
2264
3400
2023
3235
8967
8889
6785
4753
4567
1236
4979
2987
187
1460
3386
1355
117
692
920
180
3074
6077
6057
5968
3870
183
5815
4834
9142
779
3575
7932
9205
2584
2719
2623
1711
5012
4283
8378
9265
8588
6603
6746
8267
7048
6129
1083
2391
5233
310
8149
5623
3274
4985
5866
9948
1812
2370
3491
5399
5890
2497
8639
2936
2583
4666
9203
6888
4537
7395
629
8174
9415
7846
3813
9886
2343
3356
5054
7706
5516
7262
4554
3491
419
5034
540
2479
8666
4939
4093
7542
9964
1310
8594
2167
9793
1127
8207
4344
3202
2497
1230
5713
5351
7752
8959
5986
6454
1774
6880
5998
9853
1776
4017
6478
3951
9634
5962
6215
9317
5760
8951
5020
6723
307
8652
7094
8443
861
3482
7775
3602
8860
3599
6599
9206
7410
9114
800
7981
5675
7609
150
2322
8491
6163
2060
6220
642
1636
7539
1037
1953
9150
9617
6743
140
374
8783
2492
389
6753
5678
6690
3003
9469
3176
2595
1426
7355
8758
2760
5660
1925
1750
5846
4748
4433
5956
6612
1697
2400
9940
6243
3202
5406
7782
406
2559
7499
2747
6039
542
148
9577
5945
5746
2628
4607
422
3030
9205
4759
7622
1499
7520
1097
3760
3242
9801
7860
4077
1724
4073
501
7658
7670
3473
327
8922
1532
9430
2403
177
7571
5314
9806
2659
9115
1280
9450
8325
8414
6000
7008
2535
9432
7196
2555
5859
8672
223
1560
2426
2805
8233
1338
9257
6294
3842
2228
3835
8306
9153
8976
9868
7483
5188
8399
9458
994
2077
4737
5082
1438
4408
2841
5898
8487
1850
5330
5383
9779
4515
317
5896
7949
1156
8277
1200
5262
8637
9155
1801
7244
910
325
1138
847
7862
1985
2638
9083
2914
7827
3423
5026
1300
9746
1581
3081
1448
4508
5183
3868
2988
4622
7857
3009
5357
4237
3678
5735
5115
2318
9617
3416
3316
2869
9446
7356
4029
5710
6657
5000
7213
8049
1938
5371
3915
1334
1933
876
3373
7191
1011
460
2948
4873
4516
4990
5808
6002
1657
8911
9334
5197
5414
2171
1615
8180
4207
2215
5641
1608
2639
2103
889
7168
437
5915
7816
7877
9253
4841
1045
9220
2213
2723
571
9267
4896
1007
1245
2702
7002
1678
2642
1145
744
2316
3071
3795
9996
8410
5574
9637
4912
8908
9683
3412
576
351
6817
7966
3523
8771
4882
6410
708
6153
1089
1551
2407
6585
1157
9867
854
9504
8935
5000
527
6141
6069
9029
5975
3012
6948
1492
7328
6613
9939
3248
5584
5974
7204
9815
421
5557
1447
2930
2
7111
8103
8022
6442
7679
4851
6787
9727
1316
2255
9236
9619
4085
1600
1718
1334
7180
7776
4998
7227
3142
4722
3522
3900
2026
5955
8080
747
8089
1218
1718
851
2501
4244
3462
3520
5269
8301
7014
1314
3760
9374
1861
8863
6655
4761
4720
2278
8739
1268
3740
9522
8734
8395
5824
7751
1563
2872
9437
4167
4687
3856
5905
4873
5172
3639
6141
1566
9372
8565
3213
1581
5453
9044
6997
1304
9576
2893
7640
4034
4927
1262
8352
5976
5790
728
8830
6283
8708
7386
1362
7690
4428
3735
75
2186
8101
2353
9569
5560
4435
725
2527
5934
1288
4018
2247
848
4184
3455
5556
1336
1918
1232
5828
9377
3989
325
1220
334
8278
9276
6815
37
863
9839
1443
1756
6121
3812
2381
364
238
7589
1796
7610
8066
6235
3120
3894
1243
9372
8456
5276
3453
5092
2221
4627
9414
490
1880
8771
8165
4915
7760
7102
5266
7336
1803
3003
1183
7115
87
2480
697
2859
9886
2610
582
2803
1467
4978
8771
7512
5257
1987
1468
5346
5118
7373
9868
8362
127
8955
6464
4242
4805
6394
9414
1343
200
6696
5492
5349
2172
5301
5438
5086
7450
517
9182
8379
828
1107
1132
4795
2503
4614
4765
7887
9081
5706
6663
9366
2294
3688
7031
6271
538
644
4093
4377
88
947
9544
4392
3367
6697
5218
544
6777
3585
4885
7303
4588
9824
5526
869
7078
8339
3607
4005
5015
4674
521
3446
4644
2323
3292
9459
1840
4434
3589
8950
7001
4017
7498
51
5113
2494
9047
5115
8503
4432
8359
7980
7033
9074
5141
442
515
1739
252
5093
8981
5626
5659
9624
5408
1572
8289
1092
1057
1094
3208
5749
7036
4954
3741
8531
5526
4893
167
4142
1641
7431
6352
8464
7119
9348
6184
8295
7353
6968
3470
5253
8538
5278
7137
583
9813
6925
9629
6500
6728
8206
8786
5914
6542
8933
945
7092
6184
3889
4622
3146
8333
3073
7959
2541
1980
5457
1876
4746
2073
2287
1644
2181
5170
8917
8104
5775
9802
8091
2584
4760
5711
8235
8832
5072
3865
8472
4460
7237
1966
5549
8
9695
8154
1023
3184
4699
3388
7103
2338
2661
8374
2544
1847
7692
9845
5738
4277
1940
7445
6337
355
4104
2643
968
5478
7414
8678
3485
4875
8359
5105
9537
7149
6477
6304
7914
4131
597
9956
3964
5420
2289
589
6338
2147
1176
5648
7084
3549
1787
1330
4493
4992
8730
5704
2389
6337
6572
396
2428
4943
9343
9836
220
6794
5575
1632
8786
7605
9050
3329
5536
5468
2369
6052
1509
9323
5131
4037
4639
7234
86
2809
8541
4363
9533
1914
6760
9494
1112
4519
9765
9695
4144
3685
404
9820
3181
7909
6922
912
9401
5156
7873
7450
2384
3773
9009
8022
9296
6326
1481
676
1313
9879
7414
8845
5114
6797
6037
7248
2888
319
7704
3201
3029
4638
8123
9267
9356
8849
7283
6747
306
4670
3662
6279
1683
3040
4843
9640
5988
4991
2610
2056
6477
519
1391
4792
7436
4926
7732
5415
9619
9297
7439
8893
6654
1017
7397
4662
1386
1728
8454
6902
2061
9753
4846
7598
3278
40
53
936
7821
5859
691
8816
9060
2084
9515
659
2592
9720
384
1237
4176
6841
8367
6446
6793
7650
605
3765
6583
3465
1022
359
5959
8528
2045
8310
1104
9626
4470
3645
2080
1275
7060
3795
6426
2844
3537
2598
9041
9298
8130
806
9019
2778
3406
2543
9951
2280
6368
9688
8705
8996
6196
3569
5615
7100
6064
854
8923
1215
911
150
8107
7426
7471
4976
5620
9311
3803
3977
6803
7870
456
5483
6422
4209
9278
3088
4721
5713
3051
9176
8380
6261
6381
3503
8545
6223
2034
4854
1304
5178
559
9958
2763
1894
7679
7754
7030
3204
5695
3781
4859
5431
5209
977
8704
2882
7837
7182
2976
8682
1100
9098
7778
366
6508
8742
7938
1191
4045
8035
1867
1044
8169
7123
7538
85
6537
7447
6538
9130
5513
5083
5764
2437
8289
8683
8936
7243
1099
7636
2557
8874
4880
4817
4966
8426
3468
8103
3765
7253
7352
6685
3168
7193
1671
6146
4203
6493
7494
8964
1931
6573
1488
6920
8960
6741
5866
7367
2600
2792
1280
4735
9034
4091
3344
277
7435
7141
6893
484
1723
1495
1709
5637
183
3714
9092
9710
1985
4037
2338
6316
4439
1776
1347
1372
6004
2334
7661
5890
6995
3758
4902
2587
9712
8232
3788
8764
1761
7004
8346
4531
9036
1551
961
5161
4913
2752
9303
6373
4222
8170
913
4129
7210
2222
5580
9549
7002
4661
3768
7430
2216
2169
7365
1630
1828
356
7734
6750
1121
1917
7313
504
5984
3378
6230
1771
5252
9932
9743
3989
638
5146
930
9125
4734
7699
5134
7577
1427
8196
5351
7884
7222
6339
8809
5645
2469
478
6657
8931
6359
7917
4197
8237
6934
4497
3973
3266
5151
2995
5231
2528
7993
7533
5712
9953
7376
4539
6318
5231
7229
8077
7848
1711
9462
4394
266
1938
3584
5546
5493
5283
7763
7849
5054
134
1662
698
1972
3929
5959
1407
631
9858
3990
2915
5976
4295
2610
936
1800
3123
7158
6260
1161
3404
8704
5935
861
8236
377
2831
2455
1767
6593
7747
6686
3083
1474
3333
5941
2448
1743
9590
836
8589
7441
1709
9052
1055
581
9368
5519
7176
2253
9289
5285
6711
7323
5505
2443
3671
5392
630
2993
26
3235
4860
8479
2091
6598
2737
503
7907
9040
111
6991
7081
9030
9599
8835
9520
8431
7293
3137
4359
7486
3275
5062
579
7270
5971
491
1461
308
3463
3257
6288
4113
4035
8457
5448
8555
6657
6024
3969
9544
4478
3030
8360
8767
8970
241
5703
2734
7617
1218
865
3429
7948
7060
9638
5076
7886
58
1691
1083
6891
80
5855
8294
4026
7962
6611
9549
5354
3054
1523
6780
4849
4491
7055
1206
8604
8124
5306
2524
2592
7506
1476
9733
814
8620
4308
6834
5900
8285
841
4664
5515
1060
7602
2644
4519
9404
5092
6929
8246
1322
3418
278
2425
3461
793
2581
8863
4422
2662
3374
8092
4193
3457
4520
5940
5009
7657
4032
9012
9574
8398
9052
4971
2387
1453
1406
2843
9971
6269
9840
8294
1816
8837
9718
8388
8515
1102
5634
8700
703
4422
515
8842
3232
2008
2982
9082
2046
9304
9835
8357
6147
1363
5638
4762
9181
9177
9513
6811
4732
197
6920
9408
4390
7362
5150
9063
7151
8384
6733
2625
6385
1463
1795
7265
4131
643
4355
2572
2550
3112
4007
9286
1730
9951
1694
146
8367
383
1601
6368
4750
9480
97
4975
5876
3653
4333
7293
7440
4148
6292
8336
2628
8193
7435
737
8397
3905
4546
1156
9973
7654
8314
376
2946
4948
9939
2664
4283
1831
4404
3886
8558
4610
5028
781
3458
9187
4037
1167
9548
5633
6532
7111
8915
9072
5963
5942
7388
3974
843
9100
7395
1413
3343
6786
5336
6149
7358
7112
5837
4304
3930
3603
1333
5004
4677
2268
3644
412
4209
9208
6784
2916
4809
3288
9299
3429
8624
7061
8655
7191
5756
3407
8482
6895
8453
3579
6319
2528
8266
1630
5043
4485
2830
8948
2962
3600
1420
6896
3962
6313
7832
8423
4524
7189
3777
2534
5463
3968
820
8936
2527
9771
7393
6801
591
3722
6094
6623
1011
1592
602
9589
7756
8081
5824
161
8123
2774
757
2743
5522
5956
2219
9689
9727
1012
4259
9175
5882
4175
7997
1833
280
3522
8908
4912
8242
3614
5276
358
2656
5920
8751
5987
6260
8855
1347
3489
4417
7053
2518
6548
9873
5224
471
9434
8878
6940
1578
3999
8795
8723
2964
2335
5636
6513
5803
2648
9878
9272
4151
2572
4179
1931
5564
5395
7613
3823
7288
3711
4453
7093
5528
1058
2875
8857
6619
725
4115
7519
9991
5129
911
753
2827
1608
4534
8293
8113
425
3709
6333
201
7542
8775
3059
1736
8441
2551
8822
1494
8578
6450
8493
8010
37
4310
3523
6662
8664
44
4252
9520
1594
8518
9647
6605
4138
242
1662
4247
4023
2160
9678
3620
7787
4953
1387
7274
5356
6191
108
6581
3899
6034
8723
4421
9558
340
6308
9601
1259
3442
8955
1897
8867
8865
1958
271
3858
4614
3330
4313
6436
7162
1204
582
4618
9419
8077
9064
1188
1762
9559
1912
38
6198
4381
1777
4274
72
1042
4984
4101
4355
4505
5122
9978
1862
8778
5559
4206
1504
9719
5794
9705
8537
8322
3836
803
4985
5587
9125
3087
2573
6585
3814
3153
7164
1594
388
5959
5028
244
8359
1476
717
9872
2874
7858
2540
7451
7321
5106
6996
2582
6418
8362
6265
409
5733
9752
931
4508
527
850
9295
4800
2778
889
2990
3663
5279
7795
6693
5318
3653
2586
8233
3887
1273
4501
6533
4336
3811
4869
9707
2145
1032
8920
701
9591
8868
9327
8434
1826
8816
5029
7303
2531
5499
3385
686
556
6669
2813
6469
2437
3541
9728
4151
9715
5949
7076
2097
5217
9564
8747
2277
3178
6213
4746
85
2878
6391
9704
3543
8579
3050
2950
5955
4782
1645
4458
2940
9314
4641
9455
5574
586
6286
7599
1031
5161
7418
8250
4229
1596
5241
8150
6784
8595
3525
1164
9289
8529
8920
6743
1346
1558
6980
4898
895
9369
8157
3170
9353
3576
4097
6413
5143
6248
651
7919
5780
9361
6090
3129
3764
2754
2815
4122
1249
2380
7103
911
4006
8339
9255
2596
6385
9289
3776
2936
3048
3030
8797
3278
882
7389
2302
7884
9488
9510
1131
6003
5139
6128
8312
7020
5366
9416
8901
626
3928
2763
325
5540
9770
8083
5892
8818
1320
6581
3658
8906
1584
8673
6261
3480
1
4250
6827
8856
50
5452
2850
772
1013
3814
343
3107
529
8867
2593
1833
6721
7159
1062
1764
6371
8715
44
9022
5860
134
6990
719
4545
7249
8342
91
9180
3852
289
9238
61
7958
8293
9536
2665
1120
1978
1841
3774
925
2704
715
290
9141
9773
1575
2185
3306
3534
7875
4315
1355
8402
5139
763
2121
88
3561
8684
6196
8379
2898
5425
3009
5870
2255
4417
2724
7604
3161
81
924
5984
7278
5543
3078
8200
397
2286
8541
5920
8642
8250
6347
8997
3810
4140
3968
1717
5703
5099
2229
2439
5995
7933
8311
5297
1151
6760
2579
8443
4743
6568
1038
8345
1198
7746
3923
1448
5070
6101
5102
6849
855
9740
7256
8816
6372
2858
4176
4980
9438
429
3723
8226
3847
9735
5945
8848
2557
3113
3223
9564
8675
686
43
8202
8100
5840
2040
4379
7929
847
7276
7332
7981
8038
816
9474
376
7327
6622
1817
8335
6804
7418
8755
3330
9967
5136
9505
288
1839
6354
6906
7991
2068
5179
8046
2082
3510
6450
1501
1191
5077
9236
916
6093
8171
247
4157
5719
5716
210
6282
7578
8096
7540
6019
5842
8867
8913
7544
800
4198
863
7777
396
5188
8104
1829
4223
4832
1292
8506
1060
5806
179
6269
2266
3843
3598
1915
6114
2272
5687
4929
9653
1500
9148
3943
8413
3588
1151
8323
6438
6301
1916
4286
4123
2872
6499
8967
1937
7379
3422
6400
496
2264
1227
3181
4130
5394
9680
2924
96
2594
4313
1421
4567
7111
6185
1737
6
7293
1648
2953
5374
8754
4619
9535
1272
2508
7038
9874
3237
7544
7893
5904
7232
4027
5813
4701
1619
2710
6822
5791
1462
9542
2506
4005
8379
1560
9342
9720
694
4421
852
3829
24
6073
6449
103
3194
4487
3872
5924
549
4246
4365
506
2980
5398
2082
3690
9332
7294
8710
3688
4521
7307
5193
2004
6891
7353
8346
874
1536
3681
6223
7914
3422
8938
1723
2834
178
7087
8600
4509
367
3406
2099
7855
5589
1468
4802
2179
9623
9581
318
138
163
2074
679
9808
3729
2856
2819
6373
3840
645
1973
2065
9245
111
3514
3212
6911
9565
1451
7585
8090
6345
9180
9012
469
8527
8901
7698
9361
2372
4779
3529
478
6274
3044
17
1283
7464
5026
2297
278
6019
220
2830
1091
3912
8953
8261
5828
2823
5458
1613
7925
7699
4732
1574
3192
1169
2209
4455
739
8571
5578
5619
1854
3507
1240
2530
7266
8643
7132
4654
2000
9647
8852
5006
2539
3833
5084
6811
5755
9896
736
4180
209
5117
2719
8986
9020
969
8842
7900
2051
9193
2310
1767
3748
6540
1194
9863
6656
294
3623
6156
3543
4371
1270
1374
5917
1534
5307
9844
5263
548
938
3753
8015
6907
1575
2693
5253
3708
626
750
1997
7324
236
543
764
4242
5430
2860
8882
2391
814
1596
9986
6017
183
3372
3378
7631
3784
9580
6682
724
1299
6028
481
2671
110
6435
4590
2004
9064
6197
1776
7531
4163
5548
5505
7414
705
9974
8755
4238
192
2685
7954
5251
4340
9823
318
6048
4185
1144
6669
5284
4883
4974
6393
8655
2114
9429
2524
8722
6360
9048
8218
9173
5333
2165
8630
1025
9382
7587
3696
6816
330
2940
1182
2173
1418
1028
109
6649
822
8059
1985
7973
4633
1670
3231
7718
5429
22
2560
9778
5026
8335
4821
8439
5019
6609
2512
4250
2921
9036
2268
5451
3319
1379
9004
9353
4761
9220
1170
9083
3986
647
4468
6071
1765
131
429
6476
4446
120
7823
7753
2394
8216
9022
6133
4736
5947
621
7508
644
659
7592
8769
400
5279
7754
4209
6008
4266
554
6136
3410
6382
4456
8958
7888
3148
6185
6181
5080
4690
8896
5391
9272
5246
3745
3329
7345
777
4351
7001
8794
4171
7094
8294
8807
3430
4760
5424
5153
5126
6302
5275
8067
5661
2892
4434
1179
4645
1480
8707
1468
2861
937
9285
1902
5237
8392
4470
7375
6405
8699
3323
1348
8536
871
7646
3080
1545
3071
9115
1511
4615
9038
1492
4093
2370
106
1312
4879
3643
944
3377
8757
6307
8605
7282
8854
7419
2278
7792
3359
3182
789
2665
3582
2292
8044
7178
8277
1440
1899
4500
239
9406
3655
8947
1565
5563
897
4041
8314
5757
6547
5718
6893
3099
9347
1312
4925
6317
7011
1571
6189
152
7904
5966
4401
9556
5110
1626
5289
2640
9471
368
5449
1223
3596
7933
6129
5796
1145
981
2458
7770
8278
4058
2872
9469
7564
9029
7026
4529
5672
7900
3058
6478
2201
6896
6291
6356
5690
526
5536
6077
8360
4301
2252
445
6840
5992
1029
1127
121
7008
9271
3742
8640
7018
8017
2644
1926
8923
7777
1303
8155
3916
5543
4223
7624
282
9747
480
6508
4698
5089
3547
771
3221
3866
5822
83
2565
5175
4471
5851
4483
4300
5229
5247
2519
6113
7419
528
3381
7574
3351
8340
6941
436
8966
6997
8162
9242
4540
1864
5927
5310
1239
683
6432
4234
9377
454
8176
9804
7940
8426
6271
2189
1921
3010
7480
1788
9730
2226
1045
2139
6794
9823
8155
7794
5005
2277
808
3441
3880
8200
8395
528
5928
5297
1926
2378
253
3278
8321
3009
7224
1102
1249
4791
1209
305
2105
6543
4486
3342
1033
5760
1835
5534
3462
4328
8408
6733
5292
7884
1063
1968
8565
1888
3125
48
8283
3121
8899
6758
966
5772
2904
8124
9124
8419
6991
8940
3013
1019
304
2248
4475
7876
416
5048
6969
2655
9002
1352
4689
836
5945
878
2076
6003
3738
8406
2204
4386
3260
95
5034
6766
8058
6798
2868
7905
1886
920
3295
1643
2086
6422
6758
4053
2984
7221
7467
7471
1291
5519
7002
5752
8048
15
3837
165
494
505
5112
9875
6368
4631
5249
62
300
1755
8512
395
4139
9305
7480
6149
4022
2216
1327
3355
8984
4107
975
3920
3475
5869
1960
4109
4542
8564
6058
1849
6940
4348
5458
206
9325
8514
3056
8662
8713
6303
2827
967
4248
7442
2586
6492
5788
3006
1697
9951
4366
3586
7306
5634
6935
5472
9301
1873
1414
2558
6664
5145
9293
4422
783
2442
8751
3663
7712
2590
7096
8788
5504
2910
4363
6689
889
9346
6608
3883
6364
8184
3196
6337
130
3756
4138
4802
4099
8378
731
8375
3752
9029
6943
1328
70
8208
2897
1515
2452
5049
3437
9505
8958
3786
9806
6188
9885
6330
7280
2236
6950
3166
2137
8367
3365
6224
6808
4511
4882
1043
7670
3586
1304
8123
3588
934
6035
4267
4682
2987
1295
2275
7993
6048
2504
3555
1084
5660
3780
1261
4996
9671
232
6694
9739
858
8905
8695
2190
4857
2774
592
9850
3402
2159
8023
3149
8531
7715
7445
4072
6691
8017
7778
5583
8941
3962
844
6532
9370
4768
6718
1710
4338
5819
2015
7757
9051
3902
5918
9068
225
8939
1252
4326
3986
4836
198
6598
2091
5895
7718
4789
1250
7784
8653
7956
9340
7788
7027
2734
8864
2394
2291
7530
4200
2396
3191
3720
5199
7638
5223
8600
7628
3281
3990
1254
188
3416
7126
88
3998
4868
6414
6392
1624
3701
4702
5456
7051
4270
6591
5975
7217
9062
1418
9332
6394
4731
9755
324
6414
4412
9313
7445
1882
1820
3951
1488
9812
9078
739
76
2570
1500
9758
5884
8039
8027
5274
2360
1511
5313
7863
1606
6684
7617
228
3537
1675
5268
1626
3791
9603
3503
7966
7280
573
6599
1
8987
7967
1432
1382
8249
801
5353
631
9498
4882
8608
6764
2256
9087
5686
6034
8543
7450
3490
6376
1906
4342
628
8729
1057
8073
8879
4302
4272
6173
2514
6692
5337
8133
3067
3074
1543
5786
1090
6372
96
1705
345
180
9737
2524
6989
8745
4465
7701
3692
8093
7119
978
9041
8400
2737
5380
754
1478
7210
4444
6652
3047
4532
2986
8466
1505
2484
7464
9709
1103
7627
4695
8190
8152
8826
7798
8940
2038
9994
8999
8002
1889
413
2384
7877
7564
6933
8805
5679
1942
6033
9745
1602
5130
6008
4944
608
1928
5283
2022
9224
2071
464
898
7287
8380
1965
9577
3856
814
8423
583
9389
3155
7123
4744
5423
4136
4434
6671
1665
6978
7357
9855
3917
3943
2394
3097
6860
3840
836
4693
4636
3377
642
9110
4851
9212
9895
80
5726
8031
2826
8868
8601
7860
7363
7239
6590
5574
2573
4789
8134
4961
3371
412
2834
7300
8470
8476
494
5019
8757
8750
6054
2160
864
8774
2595
3347
7159
174
9702
9355
2696
7593
9407
8095
4510
3594
3194
1074
4631
3389
8916
1909
4345
5662
5276
7086
3146
908
5078
286
426
747
3019
3160
4601
321
4133
4917
4128
3167
1893
7487
1282
3246
5272
3658
7682
9312
4751
6163
9202
406
9771
9888
9165
6092
2064
3311
5259
721
4580
7334
8312
8014
7336
9387
1935
1907
1104
2248
2517
4737
8027
8292
6502
8372
147
1623
4153
5119
1161
4613
9021
8908
3849
9123
4350
3358
1710
293
9203
8626
8288
1535
4081
5780
7042
348
7841
4125
1430
8791
8249
6655
4426
5121
7304
3286
1738
2088
3146
1729
1000
3361
7215
2655
9924
4740
5168
2675
2112
7404
3515
6908
2383
4791
4307
4220
9440
1713
9704
5727
5032
4835
1000
1141
3535
1382
7823
1905
8679
98
3436
2128
8778
506
7866
2371
144
2330
9033
4916
3670
4357
4184
6679
5867
7371
9455
6734
7806
6267
3352
6439
9876
6727
9868
1942
2325
2469
6860
6780
649
3411
8668
2591
4965
3716
6087
9747
8786
1589
8015
4915
7517
486
5890
5319
614
1928
8628
3635
1518
7923
4131
5962
5991
7907
6304
3527
9098
9404
5576
5605
5449
8436
8485
459
3083
1578
7505
99
1762
641
6218
4435
7528
7338
7716
5149
6559
1434
6611
2445
2444
8200
3301
9574
5081
7526
3097
5070
5135
1786
3392
1290
4552
9176
2640
4284
7211
2476
4142
4409
4832
5138
5912
8830
8063
5405
4420
1757
9478
3245
5111
7125
3047
1324
6572
8783
6177
6186
6749
93
3250
6610
2218
1503
4914
2015
9512
8396
9764
837
9402
4151
7946
6771
2807
1075
4272
6963
3721
1410
5248
507
3426
3984
2844
738
2001
9294
2345
4285
835
7881
7490
1373
7554
7419
4102
4414
7970
9479
1384
117
3645
1232
3062
3762
9912
5588
578
3947
9282
600
9899
8744
186
9434
6460
3881
4472
2236
539
5805
6275
4168
9273
3302
6554
981
818
8180
3347
5130
2063
17
4278
3982
7337
9853
893
4441
8803
8904
4241
8563
520
8561
922
6479
7496
2763
5063
9494
5890
5770
876
4557
5598
7776
2775
4193
7524
5881
7713
7223
9271
5702
3229
1487
8264
854
2832
3517
1113
7580
1341
9145
7616
9903
3755
9860
4257
3782
6658
1437
848
7535
7549
778
8798
6963
8698
9097
5934
6439
1613
4927
5926
9434
2295
8419
1306
191
2835
4510
7803
3259
9917
2127
7538
9369
716
577
4266
6442
889
8134
6214
3606
5425
2390
1545
8774
2819
3941
9856
1381
4827
3893
1070
4258
6575
1680
5509
3933
6864
8174
969
4973
5603
2332
9789
5453
7682
8961
5963
2001
9260
2752
1217
7509
5757
3587
9896
3881
1714
1237
1049
3397
6079
6630
1255
5284
7531
6451
7631
5602
8238
717
7427
8706
8651
5070
848
5412
7845
7774
3964
872
1335
1499
253
6723
4536
4076
128
8583
3760
2231
8081
5248
9228
9721
8918
2574
8442
2315
1733
7260
267
7957
5908
7363
7346
9248
6652
6541
8592
9133
8874
3144
5863
6827
4105
1260
179
617
498
7077
5753
7408
6539
9183
5754
4610
8443
9473
4191
7996
896
6500
3906
1210
9476
6240
7232
2768
4765
9490
4833
7947
4966
4371
4954
8007
8914
6891
6066
2961
2870
7191
2662
5699
5396
9584
7925
9031
2444
2556
9445
9545
4497
1030
1365
879
6420
7745
6346
7204
9063
5334
9720
6582
2550
9302
2565
2559
6328
2949
8586
9806
9885
7454
8534
8980
8244
1585
5313
4639
1804
5522
2466
6594
2575
4651
605
1358
8979
5783
4499
4898
309
7163
4182
7144
382
4667
8617
1585
590
6664
6020
3361
7664
8151
9613
5726
5963
4241
1870
633
70
5170
8997
3074
5961
3294
8535
2125
1513
8549
2518
3450
8994
3878
516
7369
4970
5754
1726
7116
8101
7618
9253
6876
9739
8750
9102
8880
4304
2851
737
3637
8018
5540
1654
6523
3000
9385
4551
1421
9807
6359
2311
3443
2485
6694
2591
9158
896
4482
8691
3434
4037
7578
1054
3955
3458
3464
4415
7132
1477
8390
3081
9392
9880
4102
3047
2381
73
4067
441
2360
6393
4364
6281
128
5967
4574
6754
3357
5083
8452
6230
2405
9264
4228
5343
8999
8967
8837
3078
5747
3834
8841
3302
5756
7217
171
5118
5017
3948
8337
4996
5307
6564
499
2963
308
1916
8262
8788
9863
8394
2566
6786
8009
7851
9186
5226
7819
184
620
7235
2619
8480
5440
252
3945
4530
7207
1191
3280
3213
5623
1592
2046
1034
8974
3570
6751
8660
2751
4291
1933
445
7733
9625
1849
582
1985
7035
8143
2275
8336
9074
1464
22
3147
8597
986
1767
4961
6202
2413
9045
6703
1444
1038
7765
1914
7539
1988
2327
9509
1451
3558
8295
6320
9846
8661
8505
1095
2094
3816
2207
7033
2093
4287
9990
5572
4177
1602
9458
1418
5980
3163
1815
6987
2243
7849
8485
3895
1064
9860
3104
3998
4197
4442
4195
3748
7807
8934
9001
7557
8595
8768
4189
4273
8152
2808
6610
3408
4274
1610
9932
2895
3335
6140
9695
9430
2862
6821
4700
8497
7171
4606
8886
3763
3919
570
5541
6706
4509
2182
38
4887
2582
8282
1371
294
5002
2731
9853
7451
6609
4158
3921
8952
8232
4054
1162
8754
2265
4510
223
5636
5274
8198
3602
5646
2614
4868
1451
7657
6979
5525
1056
1228
3101
743
5806
2626
6359
7937
9938
6969
9910
3421
8542
315
855
4118
5025
9206
7871
1158
5323
8713
3016
6524
8258
722
9682
4539
5863
1549
6264
828
2126
2500
2719
7658
7535
3854
268
176
1272
7113
177
6356
6151
794
521
183
7025
6270
9994
4247
2302
4085
8677
8352
7381
4461
1342
4147
8006
6428
274
6415
3455
2765
720
6962
8608
4234
1138
5243
2082
4174
6935
1259
3509
6255
7980
3627
6383
1476
1178
6215
4399
1834
4897
9933
8535
4568
7873
483
3964
8174
7496
9144
7193
6029
2168
6709
7027
9147
743
477
2071
9657
2593
2278
1351
8296
9707
8558
2347
4755
7559
7889
3012
4164
1015
1568
5246
6481
915
519
3977
94
4604
1481
809
761
5506
4815
6460
8777
1002
4133
3394
1560
7315
4343
1328
3737
4806
2681
2577
9189
7474
5499
6170
1463
8441
1300
57
13
1129
3623
5773
2180
2343
55
8953
4220
1861
2110
3783
1526
4724
8511
7428
9436
9809
6204
3179
7231
9526
9537
658
1455
9137
4281
5435
4489
6198
141
2417
4996
2181
974
5530
1435
9259
3619
6968
5609
84
8451
2223
4507
4483
3508
7170
4902
2779
9451
7949
7866
5712
6238
8638
4705
9353
4236
3821
4136
2894
3068
8539
2789
4108
9737
7595
8083
8848
3989
4101
4572
9277
2612
190
7349
2622
7173
8849
7434
5830
1047
1734
867
5831
2574
8589
7828
8432
5656
2871
7700
8475
4199
1884
8204
5140
5702
1642
4290
9059
9410
1198
9995
6013
728
6050
3065
2951
2098
8516
9665
2723
2864
1452
5835
1217
6113
7139
1236
956
7334
1083
9946
2888
7303
4784
9094
802
2390
1395
3292
2807
7136
193
8171
3374
6088
3933
2171
1740
2436
9624
2906
7896
6302
1360
1029
3798
2249
2042
9049
6446
7340
8636
4827
4250
4687
2032
5876
8046
3533
8432
3715
9457
7199
6648
6163
3133
7124
643
7897
5393
3978
6703
1182
5228
4219
5589
3454
9207
3004
4314
859
1478
1030
385
3341
3789
1162
1322
227
8003
5907
4701
500
2927
2936
9092
7445
5766
3490
2657
6744
2043
3225
2674
2271
7229
4348
8443
7215
3358
9057
3826
3050
1905
9016
9039
46
863
8130
5013
5920
1897
9692
5902
8688
6
8245
8879
2034
8001
75
1737
2231
5673
87
2107
4794
590
4609
5593
9586
9251
7372
3521
9232
9989
107
5318
5952
7310
7000
9126
8211
9847
6882
6416
1808
9091
5389
9597
1129
4229
8242
4712
8637
3290
7837
6455
7906
4911
305
7746
7151
7751
2280
9441
9017
9050
4974
757
2310
3336
6057
3260
4877
5857
8023
4537
69
389
5819
3772
2399
4302
5169
5991
192
3542
7756
4400
5689
4832
4747
3075
3322
2230
2749
5452
2018
3034
9742
4241
4292
8202
3627
9026
1305
8398
2202
4866
2151
3513
9354
7230
4000
8133
3128
6199
8283
9626
4621
921
7998
8757
2620
6417
1474
1871
6270
7981
3861
